000-0010100001000101
0-100100000000101101
001-0110010110000001
000001101010-0001011
100000-1100010011001
0111-000010000001111
100010101010-1000011
000-1000111011001101
1000-101100101100101
01110000111-10010001
1001-011000111010001
11-10011111000001001
10101010-10010110011
100110110101110000-1
1-001101001100011101
1-000100110110111001
0001100100010111-111
1100000011100111-101
011110011-1101100001
10001011010-11101101
001-1110010001110111
10111011010-11011001
00-11011000110111111
110011011101110101-1
111011010111110100-1
0001011111-111011101
10100111110110111-11
1001-110111111001111
110111101101-1111101
00000010000000001001
00000001011000000101
00101000000000110001
00100010100000010001
00000000010100000111
00000000101000011001
00000000111000010001
00000000000100001111
00010101000000010001
10000000001001100001
00000100100000001101
10000000010100000011
00000100000001001101
00000000110001010101
00000000000110100111
01001000001000001101
11000000100000100011
10010000100001000101
00000000100110110001
00010000001101000011
00100000100000110101
00101110000010000001
10000000110001010001
01000100100010001001
00010100010000110001
10000000100111000001
00001010100011000001
00001000000110000111
01000100101000000011
00000000100000110111
00000110010100010001
00100000011010000011
00000101100100100001
00110000000101001001
10000010000011000101
10110010000000000101
00110000110000100001
10100000011000001001
00001000011011000001
10000001000001101001
00100111100000000001
10011000000100100001
10000000000000111101
00000001000001110101
00000010000001110011
01001000101000000101
01000100000000100111
00010100100000010011
00000110110000000011
00000001110010100011
01000000110011010001
01001001001010100001
11000110000100000011
01001010000100001011
10001100010101000001
10010100101100000001
01010001000000001111
01110000001100000011
11000001000010100101
00000101001010000111
01000001100101100001
11100000010010010001
00010001100010000111
00001001100101000101
00000101010000001111
00111000000001001101
11001100001100000001
01010001100000100011
00000110000110100101
00100010111000010001
01110000100001100001
01000101010000001011
10010010110000100001
10011100000101000001
01001010000001110001
00101100000010000111
01000000001010100111
10000000011001110001
01000011010100100001
01001000010010001101
00001000110101000101
00100000101010010011
00000100110001100011
10001010001101000001
01011010100100000001
00100101010001000011
10110000101000000101
00010111000101000001
00001111100100000001
00001010101000100101
00100011000101000011
00010000010010110101
01011100000000001011
01001011000101000001
01011000000100100011
01000000010001001111
01100001100001100001
10100010000010100101
00011000010000001111
00011000001010000111
00000001000111100101
10110100000010001001
01100000110100000011
01000000010101110001
11100110000010000001
01000000100111000011
00000100100010110101
11000000010100001101
00110110010001000001
00000110000101001011
00110000010100011001
01001100011100000001
10000100001100010101
00000101100010100101
00100000001110001101
01110000000001110001
00001011000000101011
10000010001100010101
01000101010000110001
10000000100011010011
01000000111000010101
10000001111100000001
01000010010010010011
01000011100000001101
00111001010100000011
00000011100011010011
10101111010000000001
10000100100001011101
00011100000011110001
01100000110101010001
10000001010111000011
10000100101010110001
00010001011110000101
11001000101110000001
10010010100001000111
00101010001011000101
11101000110000100001
00000100101100100111
00011100100110001001
00111100000010110001
10010001100100110001
01000000111101010001
01000010001000111101
11001111100000000001
00100011011000110001
10111000110010000001
00100110100011100001
11010010001011000001
00111000000001100111
10000001101101100001
00100000101110000111
10001101001000001011
00001010110001110001
11100000001110000101
01011010100010001001
01010010001110100001
00100001010101001101
00010100100101001011
01000001100011011001
10100000100010101101
00100001001101000111
11011100000010010001
10010101110000000011
10001001100010001101
01010000110100010101
01000011001000111001
10100001010011001001
10010010100010101001
01011011001000010001
10000001010001011011
10011010000001001011
10010001100001001101
10000001110100010011
00000111111100000001
11001010010101000001
00011100000110100011
11000001100101000011
00011100011001100001
00100101011000010101
10000001101000001111
00010010101110010001
01001100001000100111
10001010000100011011
00011100001010110001
00010001101000001111
00101001001010011001
10100001001100011001
10000101110100000011
01001100100100011001
00000100011101100101
00101000000010101111
11110010001000000101
10000000110010101011
00000010001101011011
10011111000000010001
10100100101011000001
00100001011010010011
10000011001000101011
00111101010000001001
10010001010100110001
00101000111100000101
10011010000010110001
00101010011000100011
11111000010000100001
00101010100000110011
10000001101001101001
10010110010010100001
01000010001101000111
01010011000001000111
01100100110001000011
10101100010001001001
00010111100001000011
01000010101101010001
10001110100010100001
10000110100100110001
00100100100001010111
00111010101100000001
10001000110100001011
00000001110010101101
10000100111000010101
01010000101001001101
11001100000000110011
00100100001010101101
00011001010001001011
00111100001101000001
01011010000100001101
10101101000010000011
00000101000110001111
00001000111001101001
01010001100100110001
01001001000011110001
10001001010011000101
01100100100110010001
01101100010101000001
00000111001000110011
01010011100101000001
00010010101010000111
11000010100100010111
10110010000000101111
01100101000000110111
00010101011010001101
00010110001011100011
11110000000011000111
10011000110100010101
10110010010000101011
10110000110011001001
00100011100001100111
01110001000010100111
10100000111010010101
11100011000101010001
01110001000110100101
00101011101001010001
10110000001111000011
01011011100100001001
01110100100000101011
00000101100111010101
11111001010010000001
00100010110100001111
01000110001001100111
10100010100011101001
11000000111000001111
00110101000000011111
01100011100010001011
00110101101100000011
11110011010010000001
00000001110011110101
01101010010100010101
01100100010001111001
10110101101100000001
00010011011011000011
01000001011110001011
10001100011001101001
00100010101101010011
00001101011001010101
00000100000110111111
01001100100101010101
00110000110001110011
00001110010100001111
10011011000010101001
10100011100100110001
11001000110001010101
01110000010010110011
00111000110101000101
00111010001001101001
10001111100000011001
01110100110000001101
10011100010000100111
01000100001010101111
11100000010100011101
10101011100100001001
01001111010001001001
10011000010011000111
10010001010011101001
10100100100010101011
00010001000011111101
01000011000110111001
00001000011100011111
01100000101001111001
01010010110010001011
10001001001100001111
11111000000010101001
00110000011001111001
01001101101001010001
10100000101010001111
00110011100111000001
01000101001010001111
11011100010101000001
00011010001010101011
01110100000011101001
10000101001100010111
11000010010100001111
01010010010111000011
10111001001010000011
10101010100010010011
00010001111000110101
01101100111000000011
00100110110010001101
01000111010010010011
00100001010101011011
10110000000111000111
10000111010001010101
11010000111001010001
10101000001010111001
10100101001001101001
11100011010000001011
00011011000110100101
00100111001110100001
10100010011011000011
00010000011001111101
10000010101001011011
00010011011011010001
01000100011111010001
10110100100010000111
00001110101101000101
00110011000001110101
11010001000001011011
10101111100000000101
00100011000111011001
10101001000010111001
11010001001000101101
10011010011011000001
00011010101010001011
00101000011110000111
00001011010100001111
01111001000011010001
10000001011110101001
01110000001101010101
00010100111010010011
00101011000110101001
00111000011110010001
00011110000000111011
10100100101010000111
11101001100001001001
11100101111000000001
00011010010011001101
01000100100010111011
10001000111001001101
01101101001000001011
00011100100001110011
10011001010101001001
00000001011011100111
01100110001101000011
01101100101010100001
00001111010010001101
10110101000001100101
01001010101100001101
01001001110101010001
00011110010000110101
01000011010110010101
00000101100110010111
01100010010010110011
01110000010010010111
11110000001101000101
10010110110101000001
01101001001010001101
01110001010010010101
00100000110101110101
01000010011001010111
11010100001110010001
10110110100010000101
10110101001010000101
10001110010011000011
00001001011100011101
00100101111000100011
00001111010000111001
00111101000010010011
01001110001000110011
01001010101000010111
00101011100000111001
00001101101100101001
10000010101011011001
01111101000100000011
10011001111001000001
10100101001000101101
11000011110001000011
01101000001100001111
00010000010011101111
01010011110000100101
00000011011011100101
00111100011110000001
01000111010000111001
10001111101000000101
00101001110110000101
11000010111000100101
10100001000111100101
01101001101000010011
10010101100001010101
10001001011101000011
10101000110001000111
01000101101000011101
00100010100110110101
00001010101100011011
01011110100001010001
00001101010101001011
10100000010100111101
00110010110000011011
00101000001011110011
11000000101101100101
00000111110010100101
01101000100000011111
10001010000101100111
01111010010010001011
01000111111100010001
00001011111100011001
00011011111010010001
10110110010110010001
11100101100010010101
01001101110100110001
01011000001011010111
00110000001111100111
11000010111001000111
10101100001010101011
10100011101101100001
11010100001001111001
10001100000010111111
10000011101100011101
10000111101010100101
11011110011000001001
01101001100010011101
01001010010111010011
00001110010010111011
11100111100000110001
10101010000101110101
10100111011010100001
10001110001011010011
11001010011010010101
00101010011111000011
00101000001111001111
11001000001101011101
11011011100001000101
10000111110010001101
10110000000110101111
00110000111111001001
11000110001100101101
11101100001010101001
00101001010001110111
11000001101111010001
00001100111001110011
00001001100011110111
00101000100110111101
00111101010011100001
01101010110000101011
10101011110000011001
10000110001011011101
01101110000001001111
01100000110011001111
11000000011111011001
11001110100100010011
11100010000111101001
11011101001011000001
00100110100110010111
11100010000110011011
10010101100111000011
01011000101000110111
10000011010111101001
10111001000100111001
10001110111100001001
10100010110001111001
01001011001110110001
11001110000011001101
10000101001010111011
00001110101100101101
00111010010101101001
01000000101011011111
00111110110001100001
10010000110010111101
11100100011110000101
10011001010110000111
10111000111100000011
10101110101100000011
10010111001000111001
11110101101000000101
10000100110100111011
11000101101000011011
00011000101001011111
01011110100110010001
01010110100011001101
10001110011000001111
10001110000111101001
00110100011010100111
00011000111110101001
10011111001010000101
11001000101100011101
10100010011101101001
11011001001001011001
11001010110010000111
10110110000001100111
10000110010110100111
10011100100100110011
01001111000111000101
10001011011001010011
00101110011010001011
11100101101101000001
10001100010110011101
01010100100110100111
10010100001011110011
01010110101001001101
10100100100010111101
11010011100010010101
11000110100101011001
10110001010010011011
10100001110101011001
10110011011100001001
11000000001111101101
01011100100011001011
01001111000100111001
10011101111000100001
11000000011011011101
01111001110000101001
01100000010011101111
10110010001101010011
01011110010001100011
11110000010101010011
00111100110001011001
01101100100010101101
10011000110101100101
10110000011011100101
10100010011011101001
01001011000111110001
11000010001101110101
11110101001001100001
10101111000001100011
01110000110011100011
10101011010100100011
11001011100001001101
00011000001111001111
10110001000111010011
00001001111001101011
11001000110110100101
11000111010101000011
11001010101010110001
11000000101110101011
11101110000011100001
11111010000000100111
11110001101000100011
00001011011100110101
00001111111000000111
01110110001010010011
00011110110010100011
10011011011000100101
10101110000101010011
10101000010010101111
00010011110100101011
00000111010011001111
01111000110010110001
10101100110000011101
11001010101011010001
00110010000111101011
11011000011011000011
01000100101011110011
01001100011101000111
10001111000110001101
10101010000000111111
10110110010001110001
10010101101011000011
01000100111100110011
11101000000010011111
00001111111100100001
01001111000111010001
10001011011010010101
10001111100100001011
10001010101101010101
01001111000110100101
01000001110101110101
01010010011100011101
10111000001101001101
10011010111001000101
00110100001101101011
00011010110001101101
00111010010010100111
11011001001110000011
01010101011110010001
01000101100001110111
11110000110000101011
00110010111001100011
00101110100011100011
00100100111001011101
10001110111010010001
00101100110000111011
01010100001111010101
10011000001101010111
01000111100010011011
10001001110011100101
00011011010010111001
10111010100011100001
00110010011100110101
01100111000100101101
10101011001010010011
11100100100011101001
00101011010000111101
01100110010100011011
11100010110101000011
10000001111111001001
01101000101101010101
10111010001001100011
10101101010110010001
01110000100111001101
10110000111011100001
01010110100100100111
00111001001011001011
10000110010101011101
01101010001010011011
01010101000101100111
11011000010011001101
10011110000011011001
10100100001101001111
01110110011000010101
00100111110000010111
11000011000111101001
00111010001101100101
10100010100111110001
01010001111010101001
00010110001001101111
11110001001011000101
10000101001001101111
10100010001011011011
00111001011100000111
00011000110101101101
11000101110001001011
10010010101000110111
01000011011010110101
01101000111011010001
11000110101100001011
11110101000001010011
01001001111001100101
00011010100001111101
10001100001101010111
01100101101010001111
10111000110001111001
10111100000111110001
00111011101101100001
11010000001110111011
11010101001101011001
00111010010110110101
00101100101000111111
01100011000111110011
00110011110010011101
10011100001010111011
10100110011011001101
11111110000010001101
01010111100000101111
00011101100101100111
01010110111100001011
01111100100011101001
01110110101011010001
11001011110100010101
00010101111111010001
00101111000011011101
10001101111010001011
10101111010011000011
00011101101110010011
01100101101000111101
11001110000111010101
01111011011000100011
10100010111010101011
10111101001001010101
11011000011000101111
11010011010010100111
11011001110000001111
10110010100111100101
01011111000000110111
10010001110011101101
11001001011101100101
01111001110000010111
10000001101011111101
11111000000111100011
00011000110110101111
11101000110000111101
01100011110100110101
11110010010100110101
10110010001110100111
01011111000010101011
00110110011000011111
01101111110011000001
10011010101110001101
11010110111000011001
10001111011000100111
00110100110111100011
10101011011101000101
10001000001011111111
01011001110001001111
01000111100111100101
11010100111000101101
10110000110101001111
10110011011010001101
01101011010100110011
11000100111000101111
11000101000110111011
11000001100110111101
11101011111001000001
11101011011101000001
11010101010101110001
11100000001110101111
01111001011010101001
11101100010010111001
10101011011001001011
11101001111000100011
11110011111000010001
10010100011101100111
00101101010110001111
01101010011110100011
10010111101100100101
10101100010110110101
00101001011011011011
01000101100011011111
10110011111100000011
11110100101000001111
11101010000011010111
10101011010111001001
11000110101011001101
00101110010111101001
11110010001101100011
10011101000101011101
10000111111010100011
10111001101000110101
01101001101101101001
01000110111101001101
11001001110000011111
01100110110101010011
01111000001111101001
10110010110010011101
01000111100101110101
00111000110110100111
10011101001100001111
01000011101011111001
00011010010011111101
01111011100101100001
01100101011100010111
00001001100111111011
11101011000000101111
10011011111000001101
10111000001101110011
11011010000011011011
10010101001010110111
01011001001101100111
11111100011000001101
11110111001010100001
11101101100110000101
01101010010001110111
01000100010101111111
10001110111000110101
01111001001110001011
01001000111101110011
10010011100011001111
11011000101100110011
01101101100010100111
00110101011011000111
11100010111000100111
11010011100011101001
01111001001101001101
10101100100100110111
10110011110000001111
00111010110100010111
11010111100000100111
11010011001011110001
11000001001111100111
01001111010100100111
10100111000101110011
00000111101001101111
10100101100111011001
11100100111101010001
10111011101110000001
11010101000111010101
01001111001011010011
00100010111111100011
10111000001011011101
01001001111100110011
11110100011100001011
10100011110000111011
00011100100111011101
11000110100101001111
10010110110010111001
11011000010011011011
00110111000001011111
10111001001101101001
00101001111111010001
10111100110010100101
01000111010100110111
11011001101000011011
10100001010101101111
00110111110000110011
11110000001010011111
00011011111001100101
01110010111000101011
10011010011100101011
00000100101111111101
00111110100010010111
10110000110010111011
11000100011010111101
10010111001010100111
00101000011101101111
00011100011111001101
01010101010100111011
10001000101111101011
11000110110101010011
11001011100101011001
10110110100011100101
10100111110011001001
00111101000001111101
10111010111000010101
11010010110010001111
00110111000010101111
11111000101111000001
10101010110111000101
00011001101111011001
01111011000101010011
01100110011101000111
10000010010111101111
01101100111011100001
11110100011010101001
11001110010010101011
00110101011101101001
01011111110001100001
01111001101000110011
10001101011001111001
01011101001000110111
00010110110111011001
00010011001111111001
01011101011010011001
11101010001000110111
10001101011001011101
00011000001111111011
00011011001110011101
11001101010101100011
11101000010110110101
10011100001101001111
11100000010100111111
10110111001110010001
11101010001011001011
10011111110000110001
01011011111100001001
00110000110111110101
00010010001111111101
11001100011011101001
00101011100110110011
00100111111001101001
01001100111011011001
00011110100110011011
10011000010100111111
10110000001111101011
01100000110111010111
10111000011100010111
01100110111011100001
11101000100011010111
11100000101010011111
10011111000111001001
00110001010101011111
10101101011110001001
01101011001010011101
00100100100101111111
10100011101100101011
10110100111001101001
10011111010011000101
01011010111001100101
11100000111101001011
01010111001101101001
01010101100001111011
00111110100101010011
01100110011010100111
01110010011100111001
01101101010011101011
10011001111110100101
10011101011101001101
10010101110101101101
01001011011011110101
11110110111000010011
11011101000001110111
11100111011000101011
11110110100101100101
11110010001101011101
10111110101001101001
01100111000110101111
10110000111011001111
11111100000110100111
11100111011101010001
11010111100000111101
10001111101001111001
10110001010010111111
11111011100000001111
01111100001100011111
10101111010011001101
00001011111101101011
11011000101110100111
11011101100011000111
00111100101101101011
10111110001000111011
00111011001111011001
11000111000010111111
00101101100110101111
10110100010111111001
00111001111000110111
11110100001110101011
10110001001011110111
11011011110001001011
01111111000011001011
11001100011100101111
11101000110011110101
01111011001010100111
00010111100110111011
01011110011011011001
11011110110101001001
11100110010111001101
10111101100100101101
10100011100111010111
10011001111100101011
10011101111001001011
10111100010111010011
10110101010010101111
10101010110011001111
11001110010101101011
01111111100010101001
11001011110100011011
11110011100100011101
10111101101010001101
11111000101101001011
10101010001111011101
11101111100100100101
10011010101001110111
11000000111111001111
10010010101111101101
11001011010010111011
10101100001111110101
01101111011001110001
11101001001111101001
01110011001001011111
00000111111100110111
11110011000001111101
10011011111011010001
10011011101101010011
00110101011111100101
01011110110010001111
11111100001011000111
01010001110111011101
10010011111111001001
11001100110111010011
11111101000010100111
10111101111001010001
10001111110110001101
10111111010000100111
11011110101010110001
01111011011010000111
10011100111001101011
10001101010011110111
01110101110000101111
11100000011011011111
01000000111111111011
11011001010011010111
01010010110101101111
11010101110100110011
10001101111101000111
10011100011100101111
11110011011010101001
01101111011010010011
11111100001110001101
00111001111110010011
01110111101100000111
11111100000101010111
10111111000000011111
01111100101100111001
00100101101111110101
10100111011011011001
01000110110011111101
01001010111110110101
01001001000111111111
01110110111000110011
10110110110100011101
10011111110001001101
10111010101010010111
01011011110001010111
11101110001111001001
00101101111011011001
01011100001111010111
11001101110000101111
01111101011010000111
11101000101111000111
01101011100011011101
01110111100100100111
11110001111000111001
11110010100001101111
00011001111100111011
00011011110001111101
01001000111111001111
11011010101011000111
11101011001100101101
01011011011110001011
01011100001010111111
11100011101011100101
11011100011011001101
01110100111111010001
11011011100001011101
11100011001100101111
10010010001111011111
10101111111000101001
01110101000011111011
11001110110000111011
00100111110100111011
11001001101111100011
10010001010011111111
01101010010110011111
01111001011010001111
11110110111000001011
10101100001101101111
01010011110101011101
01100011111010010111
10100100110011101111
00111001101111010101
00001111110011110101
01011110010111010101
00110011011110110101
01101011010001111101
01011000110111010111
00011111110001011011
10110101100000111111
01110111010000011111
10001111100110010111
11011000111110011001
01010011011011110011
11100111101100101001
00100100011101111111
00110011010110101111
00011110010011101111
11011101100101000111
10110001100111001111
00100011111100110111
00100110101110011111
10111100010111100101
01011001101111101001
01111011010010101011
10010011111001110011
01010110111101110001
11100110011101001011
10101100110111011001
10011100110111010101
11100111100000111011
01110010110110101101
11000100111011101101
11111111011000000011
10101110101100011011
01000011111100011111
10111110011001011001
10110000001111110111
11111010100000110111
10111100100100011111
11111100010100001111
11011011000101100111
00100111010110011111
01011110100010110111
10110111100110000111
10111100010101011101
10001100111110010111
11110101111010100001
10110001011011011101
01101101011001110101
11000011110110101011
01010101101111011011
00111101110111110001
10110011110101101101
01010111111011001011
01111101001111000111
11010000011110111111
01111001111001110101
00111111010110001111
01111011001011101101
11101100111001110011
00111111110101010011
11010111011001101101
11111001100111010101
00111011110101110011
11101101110101001011
11111000010111101101
01100011011101110111
01111010111110001011
11100011111001110101
10111101101101010011
00111010111001011111
11101110101011010101
01010110111111010101
10010111001111110011
01110111001110011101
01110110101011110011
01110101111110100101
11100011011111100101
00010111101111010111
11011000001011111111
11100100111101110011
11111011110110100001
01101110111101010101
10110010111110101101
00001011111111011101
10101100011101110111
00011111110010110111
11101101100110111001
10110001111111100101
01010010111101110111
11010111111001010101
11111000110111101001
11010111010001011111
11011101111100011001
01101110010011111101
00100111111101001111
11101001011010101111
01011110110100111101
11010111010011001111
00010101110101111111
10011100110011111101
11001111111010010011
01011110100011011111
11100110110110010111
10101110011001111101
01110100001011111111
01010111101111100011
00111111001010111101
00111011111010011101
11101010111110011001
01101110010111100111
00001111011111111001
10101110100111110011
10110100110100111111
11110000001111011111
01110000111111110011
01110011011101001111
11101101101010110011
00101111101010011111
10110111010111000111
00101011011110011111
10001001101110111111
00100101101111101111
10100011101011011111
11000100101111101111
11110110110000111011
11111001101111010001
11010110111110101001
00011101011111111001
00100001111111011111
10000111011111110101
11100111100101011011
00110101101110110111
00110011011011111101
11001111111110010001
11001110000111011111
10100101110111010111
01111001101111001101
01100011101111100111
00001111111111010011
11011101000010111111
11011101010101111001
11100011110011011101
11010000111110011111
11101000010101111111
10010101111101010111
01111111101000101011
11101011101011001011
11111100110010101101
11000100110011111111
01110110110011011011
00110011111101001111
10111111000011110101
10110100110101101111
10111010010111111001
11110101100010011111
00111101111101100101
10110011011111010101
01011111101101010011
11101000111101101011
11110000001111111101
01001011111110011011
11001011111000011111
11111101010000011111
00111111100100101111
11111010101110100101
11110100111001011011
11111101011010001011
10111010111010011101
01110011101001111011
01011011011101101101
11111000010100111111
10111100001111100111
11011101011111001001
01101111111100010101
11100000101111110111
10111111111010000101
10011011101010111101
11110100110111011011
01110110011111101101
11111001010111001111
11011101110001011111
11011111110101001011
10001101110111110111
11110001111011001111
11111010001101111101
01011001110111111011
11110111000101110111
11111111110010000111
10010111011011110111
00111100010111111111
01111111101010111001
10101111001110110111
10010111001101111111
11001111110110110011
01110101001111110111
01110011110111010111
01011101111101001111
11110011111111000101
00110111110010111111
01101101110101111011
01010110110101111111
10011011111011011101
00010011111111111101
11111001011001111011
11111010110011101101
11110011111011010011
00111011011111110101
11000110111111101101
11010010011111111011
01010111001011111111
00010111101101111111
10101110010011111111
11000111001111111101
10111101110111101001
11100010111110011111
11110001111110111001
01111011111000110111
00111111011011010111
10100110101111111011
11100101111110011011
01111100111101011011
11110110011110001111
11011011110011101011
01010111110101110111
10111111111101000101
11111101101001110011
01111111111100100011
10101001101111110111
11010111110011011011
11110011001111011011
11011010011111100111
10111011011101011101
11011111011001101011
01110111001111111001
10111101101010011111
11110010101011011111
11011111001111100101
10010111110110111011
01111011110001110111
11010111101011110011
10011110110100111111
11011101101010011111
01111001111011101011
11110111101110100011
01011111110110010111
10010111111101101011
00111101011111110101
11001111100111101011
11110011101101101011
11011001011110110111
11110101100011110111
11111101000111110101
11111000101010111111
11111111001011000111
10111010111101011101
10111011110011111001
11011100101111101101
11101110101110111011
11001111011011111011
01111111111001001111
10111111111010001111
10110111111111100101
11011011111111001101
11011110011110111011
10101001111111111101
11001101101111110111
11111001110110111101
00110110110111111111
01101111100101111111
11101011011111101101
10111101101111100111
10001111111011111101
10111101011111011101
11111111110011011101
11111110111110111001
11011110101111011111
11101111110110111011
11011110101011111111
10111111110011011111
11110110001111111111
11110111011111010111
00101111111111111111
10111101111111110111
11101111101111111101
11111101111001111111
11110111111011011111
10110111111111111101
11001111101111111111
11111101111111101111
011-0100000000101101
1010000110011111100-
1100111100100010111-

Cost(# of transistors): 59200